8.435831379617143,104 2.1327447698923354,152 8.871496045768858,20 2.0195301791030515,160
4.654703274519434,26 9.763399919641754,123 2.1344560069443825,9 4.5636941205014105,42 3.380179131863664,45 6.030518412592137,61 2.3204520149315395,97
3.8006265399982495,52 6.261605810654526,76 3.7241741583063415,51 1.5949537590660625,101
8.94117522947596,85 5.805576407365769,141 1.3617386633224435,21 2.371235385706141,91 2.1692677155583837,155
4.996034844515783,36 2.316860047741544,15 5.850893529871037,55 2.205246496839853,114 4.555902722280981,117
7.203243590361475,77 9.796012610452307,139 7.618475812566571,78 2.5066985038216565,157
11.18482130650498,122 2.4561632036677947,40
6.5827659524099955,39 1.6819227952084463,28
3.474752473259073,43 0.23115731877585743,14 0.7734129386222921,16
7.012350697821908,95 2.1344560069443825,1 4.163698025327545,108
9.761355626644521,87 2.3299593969909242,40
2.494923866772576,110 6.45052937908095,96 1.6417311332897757,94
2.238653776928381,119 4.931225354281669,63 6.764133218449367,35 7.37804056252507,102 2.7383528152121004,154
11.05365804272209,120 1.960079850613244,40
4.3230468649550025,138 1.5446887724664522,101 0.23115731877585743,8 0.5921793785594762,21 5.185365492449511,57
6.901405547502055,39 7.171981412057902,36 2.316860047741544,4
0.589698729610739,119 0.7734129386222921,8 1.7218522472038402,32 6.299820417684477,129
9.466335664356407,144 1.3325080019809064,29 1.225790003367423,151
10.060144597464985,34 3.8913795295674483,79 8.865677170225691,25 5.564195171679459,70 11.569723140069962,88
1.8376139054805092,30 1.069102452587066,29 6.681200449470598,132 4.422189929247059,159
14.627099543782114,124 8.871496045768858,0 9.21997950475225,170
1.3617386633224435,3 0.5921793785594762,14 4.404775633404126,69
8.642741781337238,61 3.388479679096095,54 1.4885210152510602,44 11.28793050058738,81 9.738473116662643,102 3.1352785819450566,163
2.0924785546146474,46 6.735842418795473,135
5.239957563756548,153 1.5855116472414652,92 9.246807775620155,38 7.607109503349776,63 5.008650900751385,74 2.926116302554498,125
3.5020402769864916,145 8.865677170225691,18
7.620106623844931,29 6.603968269498314,79 4.654703274519434,1 10.716726755684364,75 7.809169720420216,89 2.802595268314796,134
10.0809522098559,75 9.860504442731127,32 8.780374854027388,45 3.0812484769922155,68 4.259557191750713,100 6.852148776117768,164 5.89941099984658,169
1.4393089227762061,30 1.800442934876815,121 1.6819227952084463,7 1.7371985989217473,49
8.84673644007406,83 12.669330622214186,120 1.3325080019809064,17 1.069102452587066,19 7.620106623844931,26 2.9928867348612966,168
4.286468316767405,160 7.319276397275525,135 1.8376139054805092,19 1.4393089227762061,28 10.009158116834326,62 6.24131993971355,152 4.374882603938539,166
2.0343114993812,50 9.387610161002545,105 2.2490045842908746,42 0.7893685563258193,46 1.726828457198597,53 4.467994814312428,77 6.940836948280793,136
1.7218522472038402,16 0.723419063601923,115 9.860504442731127,27 11.167434619304624,82 11.872801539671352,142 3.025727957723829,167
6.321525848747436,152 3.0476772323757193,123
11.240981201887296,125 2.710290081001541,105 10.060144597464985,18
6.764133218449367,12 2.2495608599251096,127
7.335446342917962,167 3.9854114967375884,135 4.996034844515783,4 7.171981412057902,15 8.006703836080552,90
10.438947668190211,96 2.120209399077108,116 9.267657284650465,126 7.197514437044521,155
3.095663758443254,139 9.246807775620155,24 10.521751080523096,116
6.476698288649902,167 5.110185718577834,169 6.5827659524099955,7 6.901405547502055,15 11.622498051537402,72
9.281460884540301,109 8.430037095186973,83 2.4561632036677947,6 2.3299593969909242,10 1.960079850613244,13 6.203524206555276,64 8.945519258046875,105
4.2537888845292615,71 2.5472425612904295,53 7.197177739986957,63 3.0192074250250367,111 2.5682415933746627,114 3.773527134437472,163
2.2490045842908746,31 4.5636941205014105,1 2.0343065339985755,80 9.522764238915878,145
1.28226491499764,84 8.389987935206523,66 3.474752473259073,8 3.7580097676471915,50 9.473109471441113,59 3.030793698224091,90 9.517401340701223,145 4.587077585017599,164
1.4885210152510602,22 10.063670952734565,62
3.380179131863664,1 8.780374854027388,27 4.956444562348525,98 11.524250940014289,104
0.7893685563258193,31 11.713014081489172,81 2.0924785546146474,23
7.201343374146179,70 3.997368695202752,137 10.308104086202624,65 0.4252267733178028,112
8.700062421800986,148 9.80894578536883,149 7.757066506301275,131 4.051086896387979,170
3.1416905304823035,79 1.7371985989217473,28 3.2907979046677385,121
5.931160415201705,75 3.7580097676471915,43 2.0343114993812,31 4.13433439020231,54 4.689785996197799,113
6.83557669480095,99 3.7241741583063415,2 3.0637760918587458,74
3.59195785364919,119 6.003901236252276,157 3.8006265399982495,2
6.566151585682047,153 1.726828457198597,31 2.5472425612904295,41
4.13433439020231,50 6.104993880872423,170 3.388479679096095,22 10.600459205740716,132
12.029719725834315,109 5.850893529871037,4
12.153156157695674,139 10.936030679903775,81 5.596986280376158,124
5.185365492449511,14 6.3367090089830205,168 8.620270656452938,154
9.572959493199082,59 9.196818757518717,128 10.094405819034487,62 12.215766354923884,87
9.473109471441113,43 4.248308368590717,81 9.572959493199082,58 10.637312690601796,75 8.295586927284207,110 3.776832801298976,162
4.4432372572812175,162 5.201718405733969,157 1.1221431934766457,105 2.6375521928504106,143
6.262527496941189,168 6.030518412592137,1 8.642741781337238,22 2.180013873182012,109 7.125257896387867,167
10.009158116834326,30 10.094405819034487,58 10.063670952734565,44 0.41803731380090536,93 6.41997097074471,168
7.607109503349776,24 7.197177739986957,41 4.931225354281669,12 5.294543757242799,65 1.573467186225187,70 3.10216119426733,82 7.72915742626806,89 3.4484606370579143,162
6.140218192042656,91 6.203524206555276,40 1.0166604799809826,128
5.294543757242799,63 10.308104086202624,47 4.18295816163573,99
10.919198684985558,74 0.6972433948626681,129 8.389987935206523,43 1.5568989450599893,95 4.659045398647605,103
1.0114633132485928,128 7.372057559750834,125 5.773182627947679,118
6.060122009797174,91 3.0812484769922155,27 10.14934936559415,98 2.658352658515737,133
4.404775633404126,21 2.1999185379650528,148 5.256813043739446,107
1.573467186225187,63 5.564195171679459,18 7.201343374146179,47 3.460033567271327,149
0.36752314490294324,155 2.419774648214473,167 4.2537888845292615,41
11.622498051537402,39 3.4588835352406733,101 9.480368050894285,130
4.132537630781723,91 7.560373604716997,98 8.919527772766134,96 5.475061102084077,116 13.327128820686058,118
3.0637760918587458,51 5.008650900751385,24 10.919198684985558,66
10.637312690601796,59 10.716726755684364,26 10.0809522098559,27 5.931160415201705,50 10.161995259152796,76 9.5350034225394,96
10.161995259152796,75 15.581600268211432,87 6.261605810654526,2
12.521668301192516,145 4.467994814312428,31 7.203243590361475,5 13.666011210307188,86
7.618475812566571,5 11.475709110598403,131
4.5705338088166725,160 5.890760419353115,138 3.8913795295674483,18 6.603968269498314,26 3.1416905304823035,49
2.0343065339985755,42 10.846785361065058,146
8.85324021268596,160 11.28793050058738,22 11.713014081489172,46 10.936030679903775,56 4.248308368590717,59
11.167434619304624,32 3.10216119426733,63 1.2145283026695424,104
5.92149490059493,168 3.2628646786744024,104 8.84673644007406,29 8.430037095186973,40 8.3710241436135,94
3.7228105460252667,169 12.946861045881299,120 1.28226491499764,43
2.833656442508809,133 7.003080087055534,155 8.94117522947596,3 12.359443626566359,125 0.7618607032766843,144
13.666011210307188,77 1.833006644129218,129 2.399531388192659,133
12.215766354923884,58 3.4717253433228374,127 9.761355626644521,10 15.581600268211432,76 0.5316666477496624,144
11.569723140069962,18 3.5216628443116655,147
7.809169720420216,26 7.72915742626806,63 7.6717380455065785,128 7.061558698644719,136 9.171442849654902,149
3.030793698224091,43 8.006703836080552,36 9.510331426382994,146 3.2428412951779246,169
7.853714011881922,145 2.371235385706141,3 6.140218192042656,64 6.060122009797174,68 4.132537630781723,73 12.279526239714347,122
9.22147390635183,143 7.102929628957941,134 1.5855116472414652,24
4.538838724851331,153 0.41803731380090536,62 4.256896667261339,138
1.6417311332897757,11 8.3710241436135,83 10.582262055458566,143
1.5568989450599893,66 2.9148040238164903,144 7.012350697821908,9 5.127775625102659,120
9.5350034225394,75 8.919527772766134,73 6.45052937908095,11 10.438947668190211,37 10.902853647298443,124 2.0533136453851064,129
2.3204520149315395,1 8.090040856061922,133
4.956444562348525,45 10.14934936559415,68 7.560373604716997,73 11.537906789927364,127 7.802503407281994,156
4.18295816163573,65 2.9300674444564834,128 6.83557669480095,51 3.9814851547631975,141
5.210208703609345,142 4.259557191750713,27 6.75859241542657,126 5.793999643300918,135
3.4588835352406733,72 1.5949537590660625,2 1.5446887724664522,14 8.114920590649172,141
9.738473116662643,22 7.37804056252507,12
11.809716719938754,110 4.659045398647605,66 1.8446681205837159,109 7.588010180527701,157
11.524250940014289,45 1.2145283026695424,82 8.435831379617143,0 3.2628646786744024,83 12.15287899529191,115
1.1221431934766457,60 8.945519258046875,40 9.387610161002545,31 2.710290081001541,34
4.915975553078485,138 7.589975635854628,137
11.083771106836531,110 5.256813043739446,69
2.291486472585593,125 4.163698025327545,9 6.413253168636923,160
1.8446681205837159,103 2.180013873182012,61 9.281460884540301,40 12.029719725834315,55 6.713769559977496,113
8.295586927284207,59 7.940714715587754,128 2.494923866772576,11 11.809716719938754,103 11.083771106836531,107 2.7145765472677668,111 5.089952976939125,153
3.0192074250250367,41 2.7145765472677668,110
0.17636113075083382,116 0.4252267733178028,47 13.434716147859794,123
6.713769559977496,109 4.689785996197799,50
2.5682415933746627,41 2.205246496839853,4
12.15287899529191,104 8.290490656796882,127 0.723419063601923,32 12.760622784656922,140 2.9633392563317216,151
10.521751080523096,38 5.475061102084077,73 2.120209399077108,37 0.17636113075083382,112 13.905712317589208,122
9.354418095864288,133 4.555902722280981,4 8.609879959792613,127
5.773182627947679,67 13.327128820686058,73 6.387183871461452,130
0.7291152991789512,121 7.763158113014849,149 2.238653776928381,12 0.589698729610739,16 3.59195785364919,52 2.582694075993274,156
5.389571362338502,148 5.127775625102659,95 11.05365804272209,13 12.669330622214186,29 12.946861045881299,84
4.513730499931881,135 3.2907979046677385,49 1.800442934876815,28 0.7291152991789512,119 4.800892169210234,131
12.279526239714347,91 13.905712317589208,116 11.18482130650498,6
7.431211777469371,138 13.434716147859794,112 9.763399919641754,1 3.0476772323757193,33
10.902853647298443,96 5.596986280376158,56 14.627099543782114,20
12.359443626566359,85 2.926116302554498,24 11.240981201887296,34 7.372057559750834,67 2.291486472585593,108 3.943592260924066,165
9.267657284650465,37 6.75859241542657,100 2.7944335004103404,161 3.23378457535166,166
11.537906789927364,98 8.609879959792613,117 2.2495608599251096,35 3.4717253433228374,87 8.290490656796882,115 2.47878169882332,150
1.0166604799809826,64 7.6717380455065785,89 9.196818757518717,58 1.0114633132485928,67 2.9300674444564834,99 7.940714715587754,110
6.299820417684477,16 2.0533136453851064,96 0.6972433948626681,66 1.833006644129218,86
9.480368050894285,72 6.387183871461452,118 3.068024678047573,165
4.800892169210234,121 7.757066506301275,48 11.475709110598403,78
6.681200449470598,19 10.600459205740716,54
2.399531388192659,86 2.658352658515737,68 2.833656442508809,85 8.090040856061922,97 9.354418095864288,117
5.6740090096013756,166 2.802595268314796,26 7.102929628957941,92
1.518989503774508,154 5.793999643300918,100 6.735842418795473,23 7.319276397275525,30 3.9854114967375884,36 4.513730499931881,121
7.061558698644719,89 6.940836948280793,31 4.253490507062371,137
4.253490507062371,136 1.9422823803522287,158 3.997368695202752,47 7.589975635854628,106
4.256896667261339,93 4.915975553078485,106 4.3230468649550025,14 5.890760419353115,79 7.431211777469371,123 1.7994246266424907,158
10.260648533659003,164 7.459521770478054,159 9.796012610452307,5 3.095663758443254,38 12.153156157695674,56
12.760622784656922,115 9.08373776539543,169 3.886352284246778,147
3.9814851547631975,99 8.114920590649172,101 5.805576407365769,3
7.9848711633827785,166 11.872801539671352,32 5.210208703609345,100
10.582262055458566,94 2.6375521928504106,60 9.22147390635183,92
0.5316666477496624,87 0.7618607032766843,85 9.466335664356407,17 2.9148040238164903,95
9.517401340701223,43 9.522764238915878,42 3.5020402769864916,25 12.521668301192516,77 7.853714011881922,91 2.933284855070876,152
9.510331426382994,90 5.080999576890346,154 10.846785361065058,80
3.886352284246778,140 3.5216628443116655,88
2.1999185379650528,69 4.57387769288371,164 8.700062421800986,48 5.389571362338502,120 3.1541381592423954,158
3.460033567271327,70 9.171442849654902,89 9.80894578536883,48 7.763158113014849,119
2.510742332912171,160 2.47878169882332,127
1.225790003367423,17 2.9633392563317216,115
6.24131993971355,30 2.933284855070876,145 2.1327447698923354,0 6.321525848747436,33 0.8626107204044811,161
5.089952976939125,110 1.846168270585843,159 5.239957563756548,24 6.566151585682047,53 4.538838724851331,93
8.620270656452938,57 2.7383528152121004,12 1.518989503774508,135 5.080999576890346,146
7.197514437044521,37 2.1692677155583837,3 0.36752314490294324,71 7.003080087055534,85
7.802503407281994,98 2.582694075993274,119
2.5066985038216565,5 7.588010180527701,103 6.003901236252276,52 5.201718405733969,60
3.1541381592423954,148 1.7994246266424907,138 1.9422823803522287,137
4.422189929247059,19 2.9769507334183443,160 7.459521770478054,139 1.846168270585843,153
6.413253168636923,108 2.0195301791030515,0 4.286468316767405,30 4.5705338088166725,79 8.85324021268596,81 2.510742332912171,150 2.9769507334183443,159
0.8626107204044811,152 2.7944335004103404,126
3.4484606370579143,63 3.776832801298976,59 4.4432372572812175,60
3.773527134437472,41 3.1352785819450566,22
6.852148776117768,27 4.587077585017599,43 10.260648533659003,139 4.57387769288371,148
3.943592260924066,125 3.068024678047573,130
3.23378457535166,126 4.374882603938539,30 5.6740090096013756,134 7.9848711633827785,142
3.025727957723829,32 7.125257896387867,61 7.335446342917962,36 6.476698288649902,39 2.419774648214473,71
2.9928867348612966,29 6.41997097074471,62 6.3367090089830205,57 6.262527496941189,61 5.92149490059493,83
3.2428412951779246,90 5.89941099984658,27 5.110185718577834,39 3.7228105460252667,84 9.08373776539543,140
9.21997950475225,20 4.051086896387979,48 6.104993880872423,54
