4.508327356772044,13 4.786847710519769,22 6.876894508203419,2 3.746539847736693,17
8.267539684843468,20 13.23252468459495,18 4.376737711259024,13
15.020387885239966,12 6.876894508203419,0 11.999954110831018,21
5.975386661332489,23 8.370615308968329,6 12.148704351162593,8
9.372300333609822,21
3.9636242468408684,11 6.027959409556657,13
10.609673135614537,9 7.448458329081079,14 8.370615308968329,3 2.401198293538189,23
2.260207026865389,20 3.1257445672861714,11 10.725792002161626,10 5.8118272258652475,12
12.148704351162593,3 3.3562739767643093,12 7.333189402774309,24
13.641407966192784,15 6.278434412052775,14 10.609673135614537,6 9.461958706864355,22
13.070746969528319,21 10.725792002161626,7 7.6315782900598,11
10.060809584102971,18 7.6315782900598,10 3.9636242468408684,5 3.1257445672861714,7 5.004253511036498,20
5.8118272258652475,7 2.184479077047903,18 15.020387885239966,2 3.3562739767643093,8
7.086963237581062,19 4.376737711259024,1 4.508327356772044,0 6.027959409556657,5
9.121420248294607,21 6.278434412052775,9 7.448458329081079,6 12.579160202078288,15
6.674798399989852,17 12.579160202078288,14 13.641407966192784,9 0.9972677638558981,19
9.115080630967297,19 6.204223071753613,20 3.4377269085399598,17
3.4377269085399598,16 3.746539847736693,0 6.674798399989852,15 3.5411982551090593,21
2.0643881720307955,19 6.273456037304366,22 13.23252468459495,1 10.060809584102971,11 2.184479077047903,12
0.9972677638558981,15 2.0643881720307955,18 7.086963237581062,13 9.115080630967297,16 3.0703564607839953,20
5.004253511036498,11 3.0703564607839953,19 8.267539684843468,1 2.260207026865389,7 6.204223071753613,16
11.999954110831018,2 3.5411982551090593,17 9.372300333609822,4 13.070746969528319,10 9.121420248294607,14
6.273456037304366,18 9.461958706864355,9 4.786847710519769,0
2.401198293538189,6 1.5669421821218352,24 5.975386661332489,3
1.5669421821218352,23 7.333189402774309,8
